664 36 0 0
237 1955 0 0
1435 914 0 0
411 1829 0 0
1521 1302 0 0
1084 1972 0 0
531 328 0 0
826 541 0 0
215 1467 0 0
1477 1781 0 0
1357 1529 0 0
806 921 0 0
957 1586 0 0
1437 1454 0 0
1329 1094 0 0
1175 510 0 0
1032 1607 0 0
1961 515 0 0
855 1262 0 0
573 790 0 0
14 610 0 0
345 1119 0 0
1960 9 0 0
1537 536 0 0
1031 1802 0 0
1174 359 0 0
980 1262 0 0
1354 1017 0 0
1039 1369 0 0
1290 1819 0 0
133 409 0 0
1477 396 0 0
886 177 0 0
330 1435 0 0
724 1211 0 0
440 1683 0 0
621 282 0 0
109 1454 0 0
1764 1732 0 0
1605 485 0 0
1083 738 0 0
1202 1466 0 0
347 985 0 0
1054 334 0 0
1289 364 0 0
1739 938 0 0
1555 1358 0 0
988 170 0 0
1056 1489 0 0
561 335 0 0
1530 784 0 0
1754 1532 0 0
1907 1377 0 0
1936 1255 0 0
822 1668 0 0
982 1565 0 0
721 489 0 0
1525 8 0 0
952 1271 0 0
1602 692 0 0
1607 1727 0 0
1078 450 0 0
234 1462 0 0
930 167 0 0
1568 1489 0 0
483 256 0 0
1851 154 0 0
1329 197 0 0
1610 556 0 0
1612 1623 0 0
57 1452 0 0
899 653 0 0
792 450 0 0
1669 552 0 0
293 1024 0 0
631 1932 0 0
805 1819 0 0
728 1799 0 0
1406 627 0 0
1464 1409 0 0
1143 496 0 0
1706 828 0 0
1717 539 0 0
656 1717 0 0
1945 360 0 0
1778 311 0 0
942 1082 0 0
1555 1465 0 0
419 433 0 0
62 472 0 0
4 451 0 0
389 275 0 0
1316 368 0 0
31 1191 0 0
1552 449 0 0
1297 1737 0 0
1096 62 0 0
1188 1474 0 0
100 1432 0 0
863 1884 0 0
